36,4
29,1
29,3
36,1
36,3
0,273
0,270
3,2
3,1
3,3
10,121
10,227
10,237
10,11
10,65
10,203
10,261
10,127
10,2
10,3
11,9
11,3
9,7
9,5
9,2
9,3
8,13
8,8
8,15
8,14
8,10
8,2
8,3
57,3
57,2
57,1
57,0
50,3
50,2
50,0
49,4
49,3
49,2
49,1
49,0
47,3
47,2
47,1
47,0
46,4
46,3
46,2
46,1
46,0
45,4
45,3
45,2
45,1
45,0
43,5
43,4
43,3
43,2
43,1
43,0
40,5
40,4
40,3
40,2
40,1
40,0
38,5
38,4
38,3
38,2
38,1
38,0
34,4
34,3
34,1
26,3
26,1
20,3
20,2
20,1
19,3
19,2
19,1
18,3
18,1
12,3
12,2
12,1
11,28
11,27
11,26
11,25
11,24
11,23
11,22
11,21
11,20
11,19
11,18
11,17
11,16
11,15
11,14
